 396.000
 367.500
 396.000
 367.500
 396.000
 416.000
 436.000
 416.000
 396.000
 367.500
 396.000
 367.500
 362.000
 379.000
 396.000
 405.500
 404.000
 409.500
 415.000
 417.500
 420.000
 428.000
 420.000
 428.000
 425.000
 422.500
 425.000
 422.500
 422.000
 423.500
 422.000
 421.000
 420.000
 418.000
 416.000
 418.000
 420.000
 419.500
 419.000
 419.500
 420.000
 421.000
 422.000
 421.000
 422.000
 422.000
 422.000
 421.000
 422.000
 421.000
 422.000
 421.000
 420.000
 421.000
 420.000
 421.000
 422.000
 421.000
 422.000
 421.000
 420.000
 419.500
 419.000
 417.500
 416.000
 417.500
 416.000
 417.500
 416.000
 415.500
 415.000
 415.500
 416.000
 415.500
 416.000
 415.500
 415.000
 412.000
 409.000
 412.000
 415.000
 412.000
 409.000
 406.500
 404.000
 406.500
 404.000
 403.000
 402.000
 403.000
 404.000
 403.000
 402.000
 403.000
 404.000
 406.500
 404.000
 406.500
 404.000
 403.000
